7 0.484375 0.38828125 0.040625 0.0515625
11 0.6765625 0.51875 0.03125 0.01875
11 0.48359375 0.503125 0.0109375 0.01875
11 0.440625 0.49453125 0.015625 0.0203125
0 0.9328125 0.440625 0.059375 0.09375
2 0.484375 0.48203125 0.0125 0.0234375
5 0.8328125 0.34453125 0.040625 0.1328125
5 0.771875 0.2125 0.09375 0.128125
5 0.3984375 0.37734375 0.040625 0.0765625
6 0.44140625 0.47109375 0.0171875 0.0328125
3 0.67578125 0.4921875 0.0328125 0.046875
3 0.42265625 0.43515625 0.0234375 0.0390625
12 0.75390625 0.44453125 0.0765625 0.1046875
