7 0.47890625 0.37578125 0.0453125 0.0578125
11 0.6828125 0.51953125 0.025 0.0203125
11 0.44296875 0.490625 0.0234375 0.01875
11 0.484375 0.5 0.015625 0.025
0 0.98203125 0.43046875 0.0328125 0.1109375
2 0.4828125 0.475 0.015625 0.03125
5 0.8734375 0.3296875 0.059375 0.140625
5 0.79921875 0.1859375 0.1015625 0.146875
5 0.39296875 0.37265625 0.0578125 0.0671875
6 0.4390625 0.4671875 0.021875 0.0375
3 0.68203125 0.4875 0.0265625 0.040625
3 0.41640625 0.4265625 0.0203125 0.04375
12 0.76796875 0.43984375 0.0828125 0.1203125
