7 0.85 0.2453125 0.04375 0.078125
5 0.759375 0.23125 0.04375 0.096875
11 0.43515625 0.471875 0.0171875 0.025
11 0.4046875 0.48359375 0.015625 0.0234375
11 0.809375 0.403125 0.01875 0.025
11 0.73046875 0.465625 0.0203125 0.021875
3 0.67109375 0.37265625 0.0265625 0.0484375
6 0.81015625 0.36171875 0.0265625 0.0484375
1 0.40390625 0.459375 0.0171875 0.03125
2 0.4328125 0.440625 0.01875 0.04375
12 0.9328125 0.3828125 0.04375 0.096875
12 0.60234375 0.41953125 0.0546875 0.0546875
12 0.13671875 0.45234375 0.0765625 0.1046875
