7 0.965625 0.2171875 0.05625 0.09375
5 0.8546875 0.19921875 0.053125 0.1265625
11 0.47109375 0.475 0.0109375 0.028125
11 0.50234375 0.459375 0.0203125 0.028125
11 0.8265625 0.4703125 0.025 0.021875
3 0.75234375 0.36328125 0.0328125 0.0546875
6 0.9125 0.3546875 0.028125 0.053125
1 0.4703125 0.44609375 0.021875 0.0265625
2 0.50078125 0.42890625 0.0203125 0.0328125
3 0.821875 0.44296875 0.03125 0.0421875
12 0.67890625 0.41953125 0.0609375 0.0640625
11 0.91640625 0.39765625 0.0234375 0.0296875
12 0.16484375 0.428125 0.0890625 0.10625
