7 0.73515625 0.29140625 0.0359375 0.0640625
5 0.66796875 0.28046875 0.0265625 0.0859375
11 0.7046875 0.41171875 0.0125 0.0171875
11 0.3734375 0.47421875 0.009375 0.0234375
11 0.33828125 0.4859375 0.0109375 0.01875
3 0.590625 0.38984375 0.021875 0.0421875
6 0.7046875 0.38046875 0.01875 0.0359375
1 0.33984375 0.46640625 0.0171875 0.0203125
2 0.371875 0.44609375 0.015625 0.0296875
12 0.80390625 0.39609375 0.0359375 0.0828125
12 0.53359375 0.434375 0.0484375 0.053125
12 0.12890625 0.4625 0.0734375 0.084375
