7 0.81953125 0.25859375 0.0421875 0.0703125
5 0.7375 0.24765625 0.040625 0.0890625
11 0.3890625 0.4828125 0.0125 0.021875
11 0.42109375 0.46953125 0.0109375 0.0234375
11 0.70390625 0.46875 0.0140625 0.0125
11 0.7828125 0.4046875 0.015625 0.028125
3 0.653125 0.3796875 0.028125 0.053125
6 0.7796875 0.3703125 0.021875 0.040625
1 0.3875 0.46015625 0.01875 0.0328125
2 0.41796875 0.4390625 0.0203125 0.0375
12 0.89921875 0.384375 0.0390625 0.09375
12 0.58515625 0.42578125 0.0546875 0.0578125
12 0.13515625 0.44921875 0.0734375 0.0953125
