7 0.48125 0.37109375 0.040625 0.0515625
11 0.68203125 0.51328125 0.0234375 0.0140625
11 0.4859375 0.490625 0.0125 0.021875
11 0.4421875 0.484375 0.015625 0.015625
0 0.9765625 0.43125 0.03125 0.11875
2 0.48359375 0.47265625 0.0140625 0.0234375
5 0.8671875 0.325 0.059375 0.134375
5 0.80625 0.18515625 0.09375 0.1515625
5 0.4 0.36484375 0.04375 0.0703125
6 0.440625 0.46171875 0.01875 0.0265625
3 0.68125 0.484375 0.025 0.046875
3 0.41640625 0.4203125 0.0296875 0.040625
12 0.7703125 0.43125 0.071875 0.125
