7 0.4421875 0.309375 0.065625 0.071875
1 0.40234375 0.4484375 0.0203125 0.0375
11 0.75078125 0.5203125 0.0328125 0.025
11 0.453125 0.4953125 0.0125 0.03125
11 0.4015625 0.48828125 0.01875 0.0421875
11 0.3765625 0.4734375 0.025 0.03125
5 0.378125 0.37578125 0.03125 0.0859375
5 0.32421875 0.28828125 0.0546875 0.0890625
2 0.45625 0.46640625 0.015625 0.0265625
3 0.3390625 0.36484375 0.040625 0.0609375
3 0.746875 0.4828125 0.040625 0.06875
6 0.378125 0.434375 0.028125 0.040625
12 0.94609375 0.36171875 0.1015625 0.2140625
