7 0.97265625 0.21171875 0.0515625 0.0890625
5 0.86875 0.19375 0.06875 0.128125
11 0.478125 0.4734375 0.009375 0.025
11 0.51015625 0.4578125 0.0109375 0.028125
11 0.8359375 0.4703125 0.028125 0.015625
3 0.76015625 0.35859375 0.0328125 0.0609375
6 0.925 0.35078125 0.028125 0.0546875
1 0.47578125 0.44296875 0.0140625 0.0296875
2 0.5109375 0.428125 0.025 0.0375
3 0.82890625 0.440625 0.0296875 0.034375
12 0.68359375 0.41640625 0.0578125 0.0703125
11 0.928125 0.396875 0.025 0.034375
12 0.16796875 0.421875 0.0828125 0.103125
