7 0.47578125 0.3609375 0.0484375 0.0625
11 0.69609375 0.51953125 0.0265625 0.0203125
11 0.47890625 0.4953125 0.0078125 0.025
11 0.4328125 0.48046875 0.01875 0.0203125
5 0.94453125 0.2828125 0.0578125 0.165625
5 0.87421875 0.1203125 0.1015625 0.171875
5 0.38515625 0.35078125 0.0484375 0.0734375
2 0.47578125 0.46953125 0.0171875 0.0296875
6 0.43203125 0.4609375 0.0203125 0.028125
3 0.69296875 0.48828125 0.0296875 0.0546875
3 0.41015625 0.41015625 0.0296875 0.0484375
12 0.8 0.4296875 0.08125 0.13125
