7 0.44296875 0.31328125 0.0640625 0.0796875
1 0.40625 0.45078125 0.01875 0.0390625
11 0.74453125 0.51953125 0.0359375 0.0234375
11 0.45625 0.4953125 0.0125 0.03125
11 0.40859375 0.48828125 0.0171875 0.0328125
11 0.38515625 0.46953125 0.0234375 0.0265625
5 0.38515625 0.38359375 0.0296875 0.0890625
5 0.33203125 0.296875 0.0546875 0.096875
2 0.45625 0.4640625 0.015625 0.021875
3 0.35 0.37265625 0.040625 0.0546875
6 0.38671875 0.44140625 0.0265625 0.0328125
12 0.9390625 0.37265625 0.109375 0.1921875
3 0.740625 0.48046875 0.040625 0.0609375
