7 0.78671875 0.2703125 0.0421875 0.0625
5 0.71171875 0.26171875 0.0359375 0.0921875
11 0.753125 0.40390625 0.021875 0.0234375
11 0.6765625 0.46015625 0.015625 0.0171875
11 0.409375 0.47265625 0.015625 0.0203125
11 0.375 0.48515625 0.015625 0.0234375
3 0.6296875 0.3796875 0.01875 0.04375
6 0.75 0.37109375 0.025 0.0390625
1 0.37265625 0.46171875 0.0234375 0.0265625
2 0.4078125 0.44609375 0.01875 0.0296875
12 0.8578125 0.3859375 0.040625 0.08125
12 0.56796875 0.43046875 0.0453125 0.0546875
12 0.1484375 0.46171875 0.065625 0.0890625
