7 0.4796875 0.37734375 0.046875 0.0546875
11 0.67734375 0.51484375 0.0171875 0.0140625
11 0.4421875 0.4921875 0.01875 0.01875
11 0.4828125 0.496875 0.0125 0.01875
0 0.95390625 0.44609375 0.0609375 0.0921875
2 0.48203125 0.475 0.0140625 0.025
5 0.84921875 0.33515625 0.0515625 0.1328125
5 0.79140625 0.21171875 0.0890625 0.1484375
5 0.4015625 0.3734375 0.0375 0.075
6 0.44140625 0.4671875 0.0171875 0.03125
3 0.67734375 0.4875 0.0265625 0.04375
3 0.421875 0.4328125 0.021875 0.04375
12 0.75859375 0.43671875 0.0796875 0.1171875
