7 0.475 0.36484375 0.046875 0.0546875
11 0.69921875 0.51953125 0.0234375 0.0234375
11 0.47890625 0.4984375 0.0109375 0.021875
11 0.42734375 0.48359375 0.0140625 0.0171875
5 0.9625 0.27109375 0.05625 0.1734375
5 0.89140625 0.096875 0.1046875 0.1625
2 0.478125 0.471875 0.015625 0.03125
5 0.43125 0.409375 0.01875 0.071875
5 0.3828125 0.35078125 0.053125 0.0671875
6 0.42890625 0.459375 0.0203125 0.03125
3 0.70234375 0.48515625 0.0265625 0.0484375
3 0.40546875 0.41328125 0.0265625 0.0578125
12 0.81015625 0.43125 0.0890625 0.14375
