7 0.48203125 0.38359375 0.0421875 0.0484375
11 0.6765625 0.5171875 0.01875 0.009375
11 0.48515625 0.5015625 0.0109375 0.028125
11 0.44375 0.49296875 0.015625 0.0234375
0 0.93828125 0.4453125 0.0640625 0.09375
2 0.48046875 0.4734375 0.0109375 0.025
5 0.8328125 0.3453125 0.046875 0.125
5 0.78203125 0.215625 0.0796875 0.140625
5 0.4046875 0.378125 0.05625 0.08125
6 0.44140625 0.4703125 0.0140625 0.028125
3 0.6765625 0.490625 0.01875 0.046875
3 0.4234375 0.43515625 0.021875 0.0421875
12 0.75390625 0.44453125 0.0734375 0.1109375
