7 0.44375 0.31171875 0.065625 0.0796875
1 0.40390625 0.45078125 0.0171875 0.0390625
11 0.746875 0.52421875 0.0375 0.0265625
11 0.45625 0.49609375 0.01875 0.0328125
11 0.40390625 0.48828125 0.0140625 0.0359375
11 0.3828125 0.47109375 0.025 0.0296875
5 0.3796875 0.37890625 0.0375 0.0859375
5 0.325 0.29765625 0.05625 0.0859375
2 0.45546875 0.465625 0.0203125 0.028125
3 0.34609375 0.371875 0.0359375 0.0625
3 0.7484375 0.47890625 0.03125 0.0640625
6 0.3796875 0.43984375 0.028125 0.0390625
12 0.9453125 0.37265625 0.103125 0.1921875
