7 0.46953125 0.3625 0.0484375 0.065625
11 0.70390625 0.5234375 0.0234375 0.01875
11 0.475 0.4984375 0.01875 0.028125
11 0.4359375 0.49609375 0.009375 0.0328125
11 0.42109375 0.484375 0.0140625 0.01875
5 0.37890625 0.34609375 0.0390625 0.0734375
5 0.42578125 0.41171875 0.0265625 0.0703125
5 0.93671875 0.0765625 0.1109375 0.1375
2 0.47421875 0.475 0.0171875 0.025
6 0.421875 0.46015625 0.025 0.0390625
3 0.7046875 0.49296875 0.025 0.0515625
3 0.396875 0.409375 0.025 0.05625
12 0.8234375 0.43203125 0.09375 0.1515625
