7 0.4734375 0.36171875 0.046875 0.0546875
11 0.69609375 0.51953125 0.0265625 0.0171875
11 0.478125 0.50078125 0.009375 0.0265625
11 0.43125 0.48203125 0.021875 0.0171875
5 0.88203125 0.1046875 0.1046875 0.16875
5 0.95625 0.28046875 0.05625 0.1703125
5 0.3859375 0.35234375 0.046875 0.0734375
2 0.47890625 0.4734375 0.0171875 0.028125
5 0.43125 0.4109375 0.028125 0.059375
6 0.428125 0.4578125 0.021875 0.028125
3 0.6921875 0.48359375 0.028125 0.0515625
3 0.4046875 0.4109375 0.021875 0.04375
12 0.803125 0.43046875 0.0875 0.1390625
