7 0.4828125 0.38984375 0.040625 0.0515625
11 0.66796875 0.51875 0.0234375 0.015625
11 0.44609375 0.49609375 0.0140625 0.0171875
11 0.48671875 0.50078125 0.0140625 0.0234375
0 0.89375 0.453125 0.059375 0.078125
2 0.4828125 0.4765625 0.015625 0.015625
5 0.80390625 0.35 0.0390625 0.121875
5 0.75390625 0.240625 0.0734375 0.125
5 0.40703125 0.38046875 0.0484375 0.0703125
6 0.4453125 0.4671875 0.021875 0.03125
3 0.66640625 0.4921875 0.0265625 0.034375
3 0.4265625 0.43828125 0.01875 0.0390625
12 0.7421875 0.44609375 0.071875 0.1109375
