7 0.47265625 0.36640625 0.0453125 0.0546875
11 0.69765625 0.528125 0.0234375 0.01875
11 0.47734375 0.50078125 0.0109375 0.0296875
11 0.42734375 0.48984375 0.0171875 0.0203125
5 0.38359375 0.35625 0.0390625 0.065625
5 0.8953125 0.09453125 0.103125 0.1640625
5 0.96640625 0.28125 0.0421875 0.171875
2 0.4765625 0.47734375 0.015625 0.0265625
5 0.42890625 0.4140625 0.0359375 0.075
6 0.425 0.4640625 0.01875 0.028125
3 0.69609375 0.49140625 0.0328125 0.0484375
3 0.4046875 0.42109375 0.025 0.0484375
12 0.8109375 0.4328125 0.090625 0.13125
