7 0.4796875 0.39453125 0.040625 0.0515625
11 0.66953125 0.5203125 0.0296875 0.0125
11 0.4828125 0.50234375 0.0125 0.0296875
11 0.4421875 0.49921875 0.015625 0.0203125
0 0.90390625 0.446875 0.0546875 0.084375
2 0.4828125 0.48515625 0.015625 0.0234375
5 0.81875 0.34921875 0.04375 0.1359375
5 0.7578125 0.2359375 0.078125 0.11875
5 0.40390625 0.38359375 0.0484375 0.0609375
6 0.44296875 0.47734375 0.0171875 0.0328125
3 0.66875 0.49375 0.01875 0.04375
3 0.42265625 0.4390625 0.0203125 0.04375
12 0.74296875 0.4484375 0.0703125 0.10625
