7 0.471875 0.36171875 0.046875 0.0671875
11 0.69921875 0.521875 0.0265625 0.021875
11 0.475 0.49765625 0.0125 0.0296875
11 0.42578125 0.484375 0.0203125 0.025
5 0.9109375 0.09140625 0.115625 0.1515625
5 0.97890625 0.26171875 0.0328125 0.1734375
5 0.38046875 0.34765625 0.0484375 0.0671875
2 0.47578125 0.471875 0.0140625 0.028125
5 0.4265625 0.4125 0.03125 0.071875
6 0.4234375 0.4625 0.021875 0.028125
3 0.70078125 0.49140625 0.0296875 0.0546875
3 0.39921875 0.41328125 0.0234375 0.0515625
12 0.8109375 0.4296875 0.096875 0.134375
