7 0.4390625 0.3109375 0.065625 0.078125
1 0.39921875 0.453125 0.0140625 0.03125
11 0.753125 0.52578125 0.040625 0.0234375
11 0.4546875 0.49609375 0.01875 0.0359375
11 0.3984375 0.4890625 0.021875 0.040625
11 0.375 0.475 0.025 0.03125
5 0.3765625 0.37734375 0.03125 0.0890625
5 0.3171875 0.2953125 0.05625 0.084375
2 0.453125 0.47109375 0.015625 0.0328125
3 0.33984375 0.36640625 0.0359375 0.0640625
3 0.7484375 0.4890625 0.034375 0.059375
6 0.37734375 0.4390625 0.0265625 0.0375
12 0.9546875 0.36328125 0.084375 0.2109375
