7 0.47890625 0.38046875 0.0421875 0.0484375
11 0.678125 0.5171875 0.028125 0.015625
11 0.484375 0.496875 0.0125 0.025
11 0.4453125 0.4890625 0.025 0.015625
0 0.9484375 0.45 0.046875 0.1
2 0.48203125 0.47109375 0.0140625 0.0296875
5 0.8390625 0.34453125 0.046875 0.1515625
5 0.78359375 0.21015625 0.0921875 0.1296875
5 0.403125 0.365625 0.05625 0.06875
6 0.440625 0.46484375 0.01875 0.0296875
3 0.67578125 0.48671875 0.0234375 0.0421875
3 0.41953125 0.428125 0.0265625 0.04375
12 0.75546875 0.440625 0.0734375 0.109375
