7 0.40546875 0.1796875 0.0953125 0.10625
1 0.35703125 0.41328125 0.0296875 0.0609375
11 0.3125 0.43203125 0.028125 0.0390625
11 0.35859375 0.46796875 0.0265625 0.0546875
11 0.44453125 0.48046875 0.0171875 0.0328125
11 0.89296875 0.496875 0.0546875 0.034375
5 0.22109375 0.15859375 0.0890625 0.1421875
5 0.31328125 0.284375 0.0484375 0.140625
2 0.440625 0.44453125 0.021875 0.0421875
3 0.21796875 0.2421875 0.0609375 0.096875
3 0.88828125 0.43515625 0.0609375 0.0984375
6 0.31015625 0.38359375 0.0421875 0.0703125
