7 0.70234375 0.31328125 0.0296875 0.0484375
5 0.64609375 0.30625 0.0296875 0.075
5 0.9265625 0.28125 0.025 0.065625
11 0.6796875 0.41953125 0.009375 0.0171875
11 0.36484375 0.47421875 0.0109375 0.0234375
11 0.33125 0.4875 0.009375 0.01875
3 0.5765625 0.3984375 0.01875 0.034375
6 0.6765625 0.39140625 0.021875 0.0328125
1 0.32890625 0.465625 0.0140625 0.025
2 0.36328125 0.45234375 0.0171875 0.0265625
12 0.75390625 0.40703125 0.0390625 0.0890625
12 0.52265625 0.43125 0.0484375 0.05
12 0.17734375 0.46484375 0.0546875 0.0796875
