7 0.71328125 0.309375 0.0390625 0.053125
5 0.95625 0.2671875 0.025 0.06875
5 0.65390625 0.29375 0.0328125 0.084375
11 0.36484375 0.47265625 0.0078125 0.0234375
11 0.32734375 0.48671875 0.0078125 0.0140625
11 0.68671875 0.421875 0.0109375 0.021875
3 0.58203125 0.396875 0.0171875 0.028125
6 0.684375 0.39453125 0.015625 0.0265625
2 0.36015625 0.446875 0.0171875 0.025
1 0.328125 0.4625 0.01875 0.028125
12 0.515625 0.4328125 0.03125 0.04375
12 0.14609375 0.45703125 0.0703125 0.0953125
12 0.76953125 0.40234375 0.0390625 0.0796875
