7 0.47421875 0.35859375 0.0484375 0.0640625
11 0.70546875 0.525 0.0265625 0.021875
11 0.478125 0.49609375 0.0125 0.0296875
11 0.43984375 0.4921875 0.0078125 0.028125
11 0.42578125 0.48359375 0.0140625 0.0265625
5 0.9296875 0.08046875 0.1125 0.1453125
5 0.38046875 0.3453125 0.0421875 0.0625
5 0.428125 0.40703125 0.021875 0.0734375
2 0.4765625 0.471875 0.015625 0.025
6 0.42421875 0.45859375 0.0203125 0.0359375
3 0.70390625 0.4921875 0.0265625 0.053125
3 0.40234375 0.409375 0.0234375 0.05625
12 0.8234375 0.42265625 0.090625 0.1453125
