7 0.95234375 0.22265625 0.0546875 0.0953125
5 0.84453125 0.20546875 0.0609375 0.1234375
11 0.49921875 0.46015625 0.0140625 0.0265625
11 0.46484375 0.47734375 0.0171875 0.0234375
3 0.74296875 0.35625 0.0296875 0.053125
6 0.90546875 0.35625 0.0265625 0.05
1 0.46640625 0.45078125 0.0171875 0.0328125
2 0.4984375 0.43203125 0.025 0.0359375
3 0.8140625 0.4421875 0.025 0.034375
12 0.67421875 0.41953125 0.0546875 0.0609375
11 0.9046875 0.39453125 0.028125 0.0359375
12 0.16796875 0.42734375 0.0796875 0.1015625
