7 0.4234375 0.271875 0.075 0.0875
1 0.38046875 0.43984375 0.0234375 0.0484375
11 0.34921875 0.46484375 0.0234375 0.0296875
11 0.3796875 0.4859375 0.01875 0.040625
11 0.4453125 0.4953125 0.0125 0.03125
11 0.796875 0.5234375 0.0375 0.03125
5 0.28359375 0.24765625 0.0703125 0.1078125
5 0.35078125 0.34921875 0.0390625 0.1015625
2 0.44453125 0.46484375 0.0140625 0.0296875
3 0.29296875 0.32734375 0.0421875 0.0796875
3 0.79765625 0.48046875 0.0421875 0.0609375
6 0.3515625 0.42578125 0.034375 0.0515625
