7 0.4828125 0.38671875 0.04375 0.0484375
11 0.671875 0.51640625 0.025 0.0171875
11 0.48515625 0.50390625 0.0171875 0.0234375
11 0.4453125 0.496875 0.025 0.01875
0 0.89921875 0.45 0.0578125 0.084375
2 0.484375 0.48203125 0.015625 0.0203125
5 0.8140625 0.35078125 0.046875 0.1234375
5 0.7609375 0.2328125 0.078125 0.11875
5 0.40546875 0.38203125 0.0484375 0.0796875
6 0.44375 0.47421875 0.021875 0.0328125
3 0.6703125 0.4875 0.01875 0.0375
3 0.428125 0.43828125 0.025 0.0421875
12 0.7421875 0.44609375 0.06875 0.1109375
