7 0.44375 0.31015625 0.065625 0.0796875
1 0.40703125 0.45234375 0.0171875 0.0390625
11 0.7453125 0.5234375 0.0375 0.025
11 0.45703125 0.496875 0.0140625 0.03125
11 0.40546875 0.4890625 0.0140625 0.0375
11 0.384375 0.47421875 0.01875 0.0296875
5 0.384375 0.38125 0.028125 0.0875
5 0.328125 0.3 0.059375 0.084375
2 0.45703125 0.4671875 0.0140625 0.028125
3 0.3484375 0.37734375 0.0375 0.0546875
3 0.74140625 0.484375 0.0390625 0.059375
6 0.384375 0.44140625 0.021875 0.0390625
12 0.94375 0.37890625 0.10625 0.1859375
