7 0.703125 0.31796875 0.028125 0.0515625
5 0.64765625 0.3078125 0.0296875 0.075
5 0.9203125 0.284375 0.025 0.06875
11 0.67734375 0.41640625 0.0109375 0.0109375
11 0.36953125 0.47421875 0.0109375 0.0296875
11 0.3328125 0.48359375 0.009375 0.0140625
3 0.578125 0.40078125 0.028125 0.0359375
6 0.67734375 0.3953125 0.0171875 0.028125
1 0.3328125 0.465625 0.0125 0.025
2 0.36640625 0.44921875 0.0171875 0.0234375
12 0.7515625 0.403125 0.0375 0.071875
12 0.51875 0.434375 0.0375 0.04375
12 0.18359375 0.46015625 0.0640625 0.0796875
