7 0.45078125 0.30859375 0.0578125 0.0734375
1 0.41171875 0.4421875 0.0234375 0.034375
11 0.7421875 0.515625 0.03125 0.01875
11 0.459375 0.4875 0.015625 0.028125
11 0.41015625 0.48359375 0.0140625 0.0359375
11 0.38984375 0.465625 0.0203125 0.021875
5 0.39296875 0.37734375 0.0296875 0.0859375
5 0.3359375 0.29296875 0.059375 0.0984375
2 0.459375 0.4609375 0.015625 0.028125
6 0.38984375 0.43359375 0.0265625 0.0390625
12 0.93125 0.36875 0.115625 0.209375
3 0.35546875 0.36796875 0.0296875 0.0671875
3 0.74140625 0.4765625 0.0359375 0.065625
