18 0.1125 0.440625 0.031640625 0.055859375
44 0.2703125 0.43828125 0.024609375 0.053125
44 0.1609375 0.44140625 0.024609375 0.053125
44 0.190625 0.440625 0.031640625 0.05546875
44 0.2328125 0.43828125 0.02734375 0.0578125
44 0.43125 0.42421875 0.024609375 0.0890625
44 0.334375 0.6 0.01796875 0.030859375
17 0.3359375 0.56796875 0.01640625 0.030078125
42 0.17421875 0.590625 0.0125 0.022265625
18 0.17578125 0.56328125 0.0125 0.023046875
44 0.40703125 0.6140625 0.007421875 0.012890625
49 0.5015625 0.62890625 0.00625 0.0109375
1 0.5203125 0.578125 0.012890625 0.022265625
44 0.18984375 0.38359375 0.032421875 0.055078125
28 0.23125 0.37890625 0.028515625 0.0453125