44 0.4328125 0.42109375 0.025 0.0890625
44 0.271875 0.4375 0.025 0.05546875
28 0.234375 0.37578125 0.03203125 0.05625
44 0.2328125 0.43515625 0.028515625 0.063671875
44 0.19140625 0.38046875 0.033203125 0.0578125
44 0.19140625 0.4390625 0.0328125 0.053125
18 0.11484375 0.43828125 0.033203125 0.0578125
44 0.16171875 0.4375 0.025 0.05625
18 0.178125 0.56015625 0.016015625 0.0265625
42 0.1765625 0.58828125 0.015234375 0.0265625
44 0.3375 0.5671875 0.01875 0.03125
44 0.3375 0.6 0.01796875 0.034765625
2 0.52265625 0.57578125 0.015625 0.023046875