18 0.11875 0.4359375 0.03203125 0.05546875
44 0.2765625 0.43359375 0.02421875 0.053125
44 0.16640625 0.43828125 0.02421875 0.053125
44 0.19765625 0.4359375 0.03203125 0.0546875
44 0.2390625 0.43359375 0.0265625 0.0578125
44 0.4390625 0.4171875 0.02421875 0.0890625
44 0.34140625 0.5984375 0.0171875 0.03046875
17 0.3421875 0.56484375 0.0171875 0.03046875
42 0.18125 0.58671875 0.0125 0.02265625
18 0.18203125 0.5578125 0.0125 0.02265625
44 0.41484375 0.61171875 0.00703125 0.01328125
49 0.509375 0.6265625 0.00625 0.0109375
1 0.528125 0.57578125 0.01328125 0.02265625
44 0.19609375 0.37734375 0.03203125 0.05546875
28 0.23828125 0.375 0.02890625 0.0453125