18 0.11875 0.4359375 0.031640625 0.055859375
44 0.2765625 0.43359375 0.024609375 0.053125
44 0.16640625 0.43828125 0.023828125 0.053125
44 0.19765625 0.4359375 0.032421875 0.05390625
44 0.2390625 0.43359375 0.02734375 0.0578125
44 0.4390625 0.4171875 0.024609375 0.08984375
44 0.34140625 0.5984375 0.0171875 0.030859375
17 0.3421875 0.56484375 0.01640625 0.030078125
42 0.18125 0.58671875 0.0125 0.023046875
18 0.18203125 0.5578125 0.0125 0.022265625
44 0.41484375 0.61171875 0.007421875 0.013671875
49 0.509375 0.6265625 0.00625 0.01015625
1 0.528125 0.57578125 0.012890625 0.023046875
44 0.19609375 0.37734375 0.032421875 0.055078125
28 0.23828125 0.375 0.029296875 0.04453125