44 0.1984375 0.375 0.03359375 0.05703125
18 0.1203125 0.434375 0.0375 0.05703125
28 0.240625 0.3703125 0.030859375 0.04609375
44 0.34453125 0.596875 0.0171875 0.03125
44 0.34375 0.56328125 0.01796875 0.034375
18 0.1828125 0.55703125 0.01484375 0.023046875
42 0.18203125 0.584375 0.014453125 0.025
1 0.53046875 0.57421875 0.0140625 0.0265625
44 0.16796875 0.4328125 0.0234375 0.05625
44 0.19765625 0.4328125 0.032421875 0.053515625
44 0.23984375 0.43046875 0.028125 0.060546875
44 0.2765625 0.4328125 0.024609375 0.05625
44 0.43984375 0.41875 0.026171875 0.090625