44 0.1984375 0.375 0.0328125 0.0578125
18 0.1203125 0.434375 0.0375 0.0578125
28 0.240625 0.3703125 0.03046875 0.0453125
44 0.34453125 0.596875 0.0171875 0.03125
44 0.34375 0.56328125 0.0171875 0.034375
18 0.1828125 0.55703125 0.0140625 0.02265625
42 0.18203125 0.584375 0.01484375 0.025
1 0.53046875 0.57421875 0.0140625 0.0265625
44 0.16796875 0.4328125 0.0234375 0.05625
44 0.19765625 0.4328125 0.03203125 0.05390625
44 0.23984375 0.43046875 0.028125 0.06015625
44 0.2765625 0.4328125 0.02421875 0.05625
44 0.43984375 0.41875 0.02578125 0.090625