46 0.68359375 0.4 0.160546875 0.1125
0 0.50703125 0.45078125 0.0375 0.030078125
10 0.475 0.4359375 0.021875 0.016015625
44 0.47421875 0.45625 0.023046875 0.021875
44 0.4734375 0.475 0.034375 0.022265625
53 0.25078125 0.40625 0.0203125 0.016015625
52 0.2734375 0.40625 0.021484375 0.016015625
2 0.296875 0.40546875 0.01953125 0.015625
17 0.2984375 0.42109375 0.022265625 0.016796875
44 0.25 0.41875 0.019140625 0.006640625
44 0.25 0.425 0.01953125 0.006640625
44 0.2734375 0.41953125 0.018359375 0.00625
44 0.27265625 0.42578125 0.0203125 0.00625