49 0.84609375 0.2859375 0.280078125 0.155859375
0 0.45546875 0.46015625 0.0515625 0.0375
10 0.4 0.4546875 0.027734375 0.02109375
44 0.40078125 0.47578125 0.028125 0.0203125
44 0.39921875 0.4984375 0.042578125 0.022265625
53 0.13515625 0.44296875 0.023046875 0.016796875
52 0.16015625 0.44375 0.023828125 0.01796875
2 0.1859375 0.4421875 0.022265625 0.01640625
17 0.1859375 0.46015625 0.025 0.01875
44 0.13515625 0.4546875 0.020703125 0.006640625
44 0.1359375 0.4625 0.02109375 0.00625
44 0.16171875 0.45546875 0.017578125 0.007421875
44 0.16171875 0.4640625 0.0203125 0.00625