49 0.84609375 0.2859375 0.28046875 0.15546875
0 0.45546875 0.46015625 0.0515625 0.0375
10 0.4 0.4546875 0.02734375 0.0203125
44 0.40078125 0.47578125 0.028125 0.0203125
44 0.39921875 0.4984375 0.04296875 0.02265625
53 0.13515625 0.44296875 0.02265625 0.01640625
52 0.16015625 0.44375 0.02421875 0.0171875
2 0.1859375 0.4421875 0.02265625 0.0171875
17 0.1859375 0.46015625 0.025 0.01875
44 0.13515625 0.4546875 0.02109375 0.00703125
44 0.1359375 0.4625 0.0203125 0.00625
44 0.16171875 0.45546875 0.01796875 0.00703125
44 0.16171875 0.4640625 0.0203125 0.00625