0 0.628125 0.37578125 0.07890625 0.0609375
10 0.51875 0.3921875 0.0359375 0.02578125
44 0.5171875 0.4203125 0.03515625 0.028125
44 0.5171875 0.45 0.0484375 0.028125
53 0.21171875 0.3765625 0.028125 0.0203125
52 0.240625 0.378125 0.0265625 0.01953125
2 0.27265625 0.37578125 0.02734375 0.02109375
17 0.271875 0.39765625 0.028125 0.021875
44 0.2109375 0.3921875 0.0265625 0.00859375
44 0.21171875 0.40078125 0.02421875 0.00703125
44 0.24140625 0.39296875 0.0234375 0.00859375
44 0.240625 0.40234375 0.02421875 0.0078125