0 0.628125 0.37578125 0.078515625 0.0609375
10 0.51875 0.3921875 0.03671875 0.025390625
44 0.5171875 0.4203125 0.034765625 0.028125
44 0.5171875 0.45 0.04765625 0.028125
53 0.21171875 0.3765625 0.028125 0.02109375
52 0.240625 0.378125 0.02578125 0.019140625
2 0.27265625 0.37578125 0.026953125 0.020703125
17 0.271875 0.39765625 0.028125 0.021875
44 0.2109375 0.3921875 0.02734375 0.008984375
44 0.21171875 0.40078125 0.023828125 0.007421875
44 0.24140625 0.39296875 0.0234375 0.008203125
44 0.240625 0.40234375 0.024609375 0.0078125