0 0.6484375 0.36328125 0.03125 0.0265625
49 0.56171875 0.303125 0.0390625 0.030859375
44 0.52265625 0.28125 0.0359375 0.06796875
44 0.45 0.2921875 0.103125 0.047265625
30 0.3765625 0.29921875 0.034765625 0.034375
30 0.2078125 0.30546875 0.03515625 0.034375
53 0.26484375 0.278125 0.04375 0.03046875
52 0.315625 0.2765625 0.04375 0.02890625
2 0.4703125 0.37109375 0.0125 0.009375
17 0.4703125 0.38125 0.009765625 0.008984375
2 0.47734375 0.40390625 0.0078125 0.0046875
17 0.47734375 0.409375 0.0078125 0.00546875