0 0.68828125 0.37578125 0.026953125 0.0265625
51 0.6015625 0.31796875 0.041015625 0.0296875
44 0.56328125 0.29765625 0.035546875 0.0671875
44 0.4921875 0.3109375 0.10390625 0.05
30 0.4171875 0.3203125 0.03515625 0.034765625
30 0.2484375 0.32890625 0.03515625 0.036328125
53 0.30625 0.3 0.04453125 0.03046875
52 0.35859375 0.29765625 0.04375 0.029296875
44 0.30625 0.32421875 0.031640625 0.0140625
44 0.30625 0.33671875 0.031640625 0.0125
44 0.35859375 0.32109375 0.0296875 0.0125
44 0.35859375 0.33359375 0.030078125 0.014453125
49 0.51171875 0.3875 0.0140625 0.009375
49 0.5109375 0.39765625 0.0125 0.008203125
49 0.51953125 0.4203125 0.0078125 0.00625
49 0.52109375 0.4265625 0.00625 0.00390625