0 0.82734375 0.36796875 0.0484375 0.04375
51 0.69765625 0.27109375 0.053125 0.0421875
44 0.6453125 0.2328125 0.05234375 0.102734375
44 0.54921875 0.2359375 0.138671875 0.08359375
30 0.4484375 0.2328125 0.04609375 0.053125
44 0.3734375 0.221875 0.0375 0.01953125
44 0.37109375 0.23984375 0.040625 0.01875
52 0.375 0.1890625 0.059765625 0.04375
53 0.30390625 0.1859375 0.057421875 0.04375
30 0.2265625 0.2203125 0.05 0.05
44 0.30234375 0.21953125 0.039453125 0.01875
44 0.29921875 0.23828125 0.044921875 0.01875