10 0.965625 0.26484375 0.06796875 0.06875
44 0.96640625 0.33828125 0.065625 0.06875
44 0.9546875 0.4140625 0.0890625 0.0765625
51 0.846875 0.41796875 0.05078125 0.03828125
2 0.84140625 0.4640625 0.03828125 0.03125
2 0.53984375 0.36171875 0.0296875 0.02265625
17 0.5375 0.38671875 0.0296875 0.021875
52 0.50625 0.36328125 0.028125 0.021875
53 0.4734375 0.3625 0.02734375 0.0234375
44 0.47265625 0.37890625 0.025 0.009375
44 0.47109375 0.3890625 0.02421875 0.0109375
44 0.50390625 0.390625 0.0265625 0.01015625
44 0.5046875 0.38125 0.0265625 0.01015625