18 0.3078125 0.46171875 0.0171875 0.0140625
42 0.30703125 0.47578125 0.01796875 0.01484375
30 0.3734375 0.428125 0.0203125 0.0203125
53 0.40234375 0.41484375 0.02265625 0.0171875
52 0.42890625 0.41640625 0.0234375 0.01796875
44 0.40078125 0.428125 0.0171875 0.00703125
44 0.40078125 0.4359375 0.01640625 0.0078125
44 0.428125 0.4296875 0.0171875 0.0078125
44 0.4265625 0.4375 0.0171875 0.0078125
30 0.45859375 0.43203125 0.01875 0.0203125
44 0.5109375 0.4296875 0.06171875 0.0296875
44 0.56171875 0.42578125 0.021875 0.040625
51 0.5921875 0.43828125 0.0234375 0.01875
49 0.50859375 0.45390625 0.01328125 0.009375
49 0.50859375 0.46484375 0.01328125 0.009375
10 0.5921875 0.46875 0.0140625 0.01015625
44 0.59140625 0.48046875 0.01484375 0.0109375
44 0.59140625 0.4921875 0.0203125 0.0125