18 0.33984375 0.459375 0.0171875 0.015234375
42 0.33828125 0.475 0.0203125 0.016015625
30 0.4078125 0.42578125 0.021484375 0.020703125
53 0.43671875 0.4109375 0.023828125 0.01875
52 0.4640625 0.4125 0.025 0.01875
30 0.49609375 0.428125 0.020703125 0.021484375
44 0.5484375 0.4265625 0.062890625 0.030859375
44 0.60078125 0.421875 0.023828125 0.04375
51 0.63125 0.43515625 0.024609375 0.01875
10 0.63125 0.4671875 0.015625 0.01015625
44 0.63046875 0.48046875 0.014453125 0.0109375
44 0.63046875 0.49296875 0.021875 0.0125
44 0.4359375 0.42578125 0.016015625 0.0078125
44 0.43515625 0.4328125 0.0171875 0.00859375
44 0.4625 0.4265625 0.01796875 0.008984375
44 0.4625 0.434375 0.01796875 0.008984375
2 0.54765625 0.45234375 0.0140625 0.0109375
17 0.546875 0.4640625 0.01328125 0.009375