53 0.24375 0.4078125 0.04296875 0.03359375
52 0.29296875 0.4078125 0.04453125 0.03046875
51 0.58671875 0.4375 0.04296875 0.03125
44 0.5328125 0.41640625 0.0359375 0.07109375
30 0.19609375 0.434375 0.03515625 0.03828125
30 0.35 0.43515625 0.0359375 0.03828125
44 0.4421875 0.42734375 0.10703125 0.05
18 0.0484375 0.4921875 0.03828125 0.0265625
42 0.0484375 0.5234375 0.03828125 0.02890625
2 0.44140625 0.484375 0.0234375 0.01640625
10 0.57265625 0.5 0.02265625 0.0171875
17 0.4421875 0.50078125 0.0203125 0.015625
44 0.5765625 0.5375 0.0328125 0.0203125
44 0.57578125 0.51875 0.02421875 0.0171875
44 0.2453125 0.4453125 0.03203125 0.0140625
44 0.29296875 0.43203125 0.03203125 0.0140625
44 0.29453125 0.446875 0.03203125 0.0140625
44 0.2453125 0.43203125 0.03203125 0.0140625