53 0.24375 0.4078125 0.043359375 0.033984375
52 0.29296875 0.4078125 0.044921875 0.030859375
51 0.58671875 0.4375 0.042578125 0.03125
44 0.5328125 0.41640625 0.03515625 0.070703125
30 0.19609375 0.434375 0.035546875 0.037890625
30 0.35 0.43515625 0.03671875 0.038671875
44 0.4421875 0.42734375 0.106640625 0.05
18 0.0484375 0.4921875 0.037890625 0.02734375
42 0.0484375 0.5234375 0.037890625 0.028515625
2 0.44140625 0.484375 0.0234375 0.016015625
10 0.57265625 0.5 0.023046875 0.01796875
17 0.4421875 0.50078125 0.02109375 0.015625
44 0.5765625 0.5375 0.03359375 0.01953125
44 0.57578125 0.51875 0.023828125 0.01796875
44 0.2453125 0.4453125 0.031640625 0.01484375
44 0.29296875 0.43203125 0.032421875 0.0140625
44 0.29453125 0.446875 0.032421875 0.01328125
44 0.2453125 0.43203125 0.031640625 0.0140625