30 0.1625 0.4046875 0.04609375 0.04296875
53 0.22421875 0.3734375 0.05546875 0.03828125
52 0.284375 0.37421875 0.053125 0.0390625
44 0.22265625 0.40234375 0.0375 0.01640625
44 0.22421875 0.4203125 0.0375 0.01640625
44 0.2828125 0.4046875 0.0375 0.01640625
44 0.2828125 0.421875 0.0390625 0.0171875
30 0.35546875 0.40859375 0.04453125 0.04375
44 0.46875 0.4015625 0.13359375 0.06328125
44 0.5828125 0.38984375 0.04765625 0.0875
51 0.6484375 0.4171875 0.05234375 0.03984375
2 0.47109375 0.48046875 0.02421875 0.0171875
17 0.4703125 0.49921875 0.025 0.0171875
10 0.625 0.4984375 0.02734375 0.021875
44 0.62578125 0.5203125 0.02890625 0.01953125
44 0.62734375 0.54296875 0.03984375 0.02265625