46 0.8625 0.46484375 0.13671875 0.05625
51 0.6671875 0.490625 0.0296875 0.021875
10 0.62265625 0.4625 0.025 0.021875
44 0.61953125 0.484375 0.0296875 0.02265625
44 0.61796875 0.50625 0.03828125 0.02421875
0 0.590625 0.490625 0.021875 0.01640625
46 0.2359375 0.39140625 0.07421875 0.05234375
53 0.3890625 0.42578125 0.021875 0.01640625
52 0.41171875 0.428125 0.0203125 0.015625
2 0.43515625 0.42578125 0.0203125 0.01484375
17 0.4328125 0.44375 0.021875 0.01640625
44 0.38828125 0.4390625 0.01796875 0.00703125
44 0.38828125 0.4453125 0.01875 0.00546875
44 0.41015625 0.43984375 0.01796875 0.00625
44 0.41015625 0.44609375 0.01796875 0.00625