46 0.8625 0.46484375 0.137109375 0.05625
51 0.6671875 0.490625 0.02890625 0.021875
10 0.62265625 0.4625 0.025 0.021875
44 0.61953125 0.484375 0.0296875 0.022265625
44 0.61796875 0.50625 0.038671875 0.024609375
0 0.590625 0.490625 0.021875 0.016015625
46 0.2359375 0.39140625 0.074609375 0.051953125
53 0.3890625 0.42578125 0.021875 0.016796875
52 0.41171875 0.428125 0.0203125 0.015625
2 0.43515625 0.42578125 0.0203125 0.014453125
17 0.4328125 0.44375 0.021875 0.016015625
44 0.38828125 0.4390625 0.017578125 0.006640625
44 0.38828125 0.4453125 0.01875 0.005859375
44 0.41015625 0.43984375 0.017578125 0.00625
44 0.41015625 0.44609375 0.017578125 0.00625