10 0.48046875 0.46484375 0.034375 0.028125
51 0.54375 0.5046875 0.040625 0.028125
44 0.47578125 0.49375 0.039453125 0.028515625
44 0.471875 0.52265625 0.05546875 0.033203125
0 0.4296875 0.503125 0.02734375 0.01953125
53 0.17265625 0.415625 0.026953125 0.021484375
52 0.20234375 0.4171875 0.026953125 0.02109375
2 0.23203125 0.41640625 0.028125 0.0203125
17 0.23046875 0.43828125 0.026953125 0.020703125
44 0.17109375 0.43046875 0.023828125 0.009375
44 0.16953125 0.43984375 0.025 0.008203125
44 0.2015625 0.43203125 0.022265625 0.009375
44 0.2 0.440625 0.025 0.008984375