10 0.48046875 0.46484375 0.034375 0.028125
51 0.54375 0.5046875 0.040625 0.028125
44 0.47578125 0.49375 0.03984375 0.02890625
44 0.471875 0.52265625 0.0546875 0.03359375
0 0.4296875 0.503125 0.0265625 0.0203125
53 0.17265625 0.415625 0.02734375 0.02109375
52 0.20234375 0.4171875 0.02734375 0.0203125
2 0.23203125 0.41640625 0.028125 0.0203125
17 0.23046875 0.43828125 0.02734375 0.02109375
44 0.17109375 0.43046875 0.02421875 0.009375
44 0.16953125 0.43984375 0.025 0.00859375
44 0.2015625 0.43203125 0.02265625 0.009375
44 0.2 0.440625 0.025 0.00859375