44 0.5109375 0.39140625 0.0171875 0.034375
51 0.5296875 0.4015625 0.02109375 0.01640625
44 0.475 0.39609375 0.0515625 0.025
30 0.43203125 0.39765625 0.01875 0.01796875
30 0.35546875 0.396875 0.01953125 0.01796875
44 0.40390625 0.396875 0.01484375 0.00703125
44 0.378125 0.403125 0.0140625 0.00625
53 0.37890625 0.38515625 0.01875 0.01640625
52 0.40390625 0.38515625 0.02265625 0.01640625
0 0.56796875 0.44296875 0.0140625 0.0109375
44 0.4046875 0.403125 0.0140625 0.00625
44 0.37890625 0.396875 0.0140625 0.00625