44 0.5109375 0.39140625 0.01640625 0.034375
51 0.5296875 0.4015625 0.021484375 0.016015625
44 0.475 0.39609375 0.05078125 0.025
30 0.43203125 0.39765625 0.01875 0.017578125
30 0.35546875 0.396875 0.019921875 0.018359375
44 0.40390625 0.396875 0.014453125 0.006640625
44 0.378125 0.403125 0.01328125 0.00625
53 0.37890625 0.38515625 0.01875 0.016796875
52 0.40390625 0.38515625 0.023046875 0.016796875
0 0.56796875 0.44296875 0.0140625 0.0109375
44 0.4046875 0.403125 0.01484375 0.00625
44 0.37890625 0.396875 0.0140625 0.00625