0 0.57890625 0.5296875 0.0140625 0.01015625
30 0.35859375 0.48671875 0.017578125 0.0171875
53 0.38359375 0.475 0.0203125 0.015625
52 0.4078125 0.47421875 0.021484375 0.014453125
44 0.3828125 0.4859375 0.01484375 0.00625
44 0.3828125 0.4921875 0.01484375 0.00625
44 0.40859375 0.4859375 0.014453125 0.006640625
44 0.40859375 0.4921875 0.0140625 0.00625
30 0.43671875 0.4859375 0.016796875 0.01640625
44 0.48125 0.48359375 0.05 0.0234375
44 0.51796875 0.47890625 0.016796875 0.034375
51 0.53828125 0.48828125 0.0203125 0.0140625