30 0.21640625 0.42734375 0.0359375 0.0359375
53 0.26953125 0.40234375 0.0421875 0.0328125
52 0.32421875 0.403125 0.0421875 0.03203125
44 0.26796875 0.42578125 0.03046875 0.0140625
44 0.26953125 0.43984375 0.03125 0.01484375
44 0.3234375 0.42734375 0.03046875 0.0140625
44 0.3234375 0.440625 0.03125 0.0140625
30 0.384375 0.43046875 0.03515625 0.0359375
44 0.478125 0.42421875 0.10859375 0.0515625
44 0.55703125 0.41484375 0.0359375 0.071875
51 0.59921875 0.43671875 0.0421875 0.03203125
0 0.684375 0.52578125 0.03046875 0.02265625
17 0.603125 0.54375 0.00859375 0.00703125
2 0.60234375 0.53515625 0.00859375 0.00625