44 0.48359375 0.4203125 0.123828125 0.059375
30 0.375 0.42890625 0.043359375 0.04375
30 0.184375 0.42890625 0.044140625 0.0421875
44 0.24296875 0.4421875 0.035546875 0.016015625
44 0.30625 0.42734375 0.034765625 0.014453125
52 0.30625 0.3984375 0.05078125 0.0375
53 0.24453125 0.3984375 0.0515625 0.03515625
44 0.5734375 0.40703125 0.040234375 0.082421875
51 0.6234375 0.43203125 0.05 0.0375
0 0.721875 0.53203125 0.03671875 0.0265625
44 0.30625 0.44296875 0.034765625 0.016796875
44 0.2453125 0.42734375 0.034765625 0.016796875
17 0.6140625 0.559375 0.009375 0.006640625
2 0.6140625 0.55 0.009375 0.006640625