0 0.64921875 0.40078125 0.0265625 0.02890625
10 0.6234375 0.38203125 0.028125 0.0203125
44 0.621875 0.40390625 0.028125 0.02265625
44 0.6171875 0.42734375 0.04140625 0.025
51 0.5828125 0.41640625 0.02109375 0.01640625
2 0.58203125 0.4375 0.0171875 0.0125
46 0.31953125 0.37890625 0.04140625 0.0296875
53 0.38046875 0.3734375 0.01875 0.0140625
52 0.40078125 0.37421875 0.01796875 0.0140625
2 0.4203125 0.3734375 0.0171875 0.01328125
17 0.41953125 0.3890625 0.0171875 0.01484375
44 0.38046875 0.384375 0.01640625 0.00703125
44 0.3796875 0.3890625 0.015625 0.00546875
44 0.39921875 0.390625 0.015625 0.00625
44 0.4 0.384375 0.0140625 0.00625