0 0.68515625 0.45546875 0.055078125 0.048046875
44 0.60390625 0.478125 0.038671875 0.028515625
44 0.60390625 0.509375 0.055078125 0.03125
10 0.60625 0.44765625 0.037890625 0.028125
51 0.54375 0.503125 0.02578125 0.019140625
2 0.54375 0.5296875 0.021484375 0.016015625
46 0.21796875 0.47421875 0.053125 0.0359375
53 0.2890625 0.46328125 0.021875 0.016796875
52 0.3125 0.4625 0.021875 0.01796875
2 0.3375 0.46171875 0.021484375 0.016796875
17 0.33671875 0.4796875 0.023046875 0.01640625
44 0.2875 0.47578125 0.01875 0.0078125
44 0.28828125 0.48203125 0.01875 0.007421875
44 0.3125 0.4828125 0.01953125 0.006640625
44 0.3125 0.475 0.01875 0.00625