0 0.6984375 0.37109375 0.078515625 0.0578125
10 0.578125 0.3734375 0.041015625 0.031640625
44 0.5765625 0.4078125 0.04375 0.03359375
44 0.5765625 0.44375 0.0625 0.03671875
46 0.15 0.40625 0.055859375 0.03828125
51 0.5046875 0.4390625 0.028125 0.021875
2 0.50390625 0.46875 0.023046875 0.01796875
53 0.221875 0.3921875 0.02578125 0.01875
52 0.24921875 0.3921875 0.0265625 0.019140625
2 0.27890625 0.39140625 0.023828125 0.01875
17 0.27734375 0.4109375 0.023828125 0.01875
44 0.221875 0.40703125 0.01953125 0.007421875
44 0.221875 0.41484375 0.021875 0.008203125
44 0.25 0.4078125 0.022265625 0.008984375
44 0.24921875 0.415625 0.021875 0.009375