0 0.6984375 0.37109375 0.07890625 0.0578125
10 0.578125 0.3734375 0.04140625 0.03203125
44 0.5765625 0.4078125 0.04375 0.0328125
44 0.5765625 0.44375 0.0625 0.0359375
46 0.15 0.40625 0.05546875 0.0390625
51 0.5046875 0.4390625 0.028125 0.021875
2 0.50390625 0.46875 0.02265625 0.0171875
53 0.221875 0.3921875 0.0265625 0.01875
52 0.24921875 0.3921875 0.0265625 0.01953125
2 0.27890625 0.39140625 0.02421875 0.01875
17 0.27734375 0.4109375 0.02421875 0.01875
44 0.221875 0.40703125 0.0203125 0.00703125
44 0.221875 0.41484375 0.021875 0.00859375
44 0.25 0.4078125 0.02265625 0.00859375
44 0.24921875 0.415625 0.021875 0.009375