30 0.153125 0.35703125 0.03203125 0.03203125
53 0.20546875 0.3375 0.0375 0.0265625
52 0.24921875 0.3390625 0.0359375 0.028125
44 0.20390625 0.3578125 0.0265625 0.0109375
44 0.20390625 0.36875 0.02734375 0.01171875
44 0.24921875 0.35859375 0.0265625 0.0109375
44 0.24921875 0.371875 0.0265625 0.0125
30 0.3015625 0.3640625 0.03046875 0.03125
44 0.3890625 0.3609375 0.09375 0.046875
44 0.4796875 0.3546875 0.03203125 0.0640625
17 0.3796875 0.3953125 0.02265625 0.0171875
51 0.534375 0.3765625 0.028125 0.02109375
10 0.54296875 0.428125 0.021875 0.0171875
44 0.5421875 0.44765625 0.02421875 0.01640625
44 0.540625 0.46640625 0.0328125 0.0203125