10 0.9375 0.4984375 0.04921875 0.034765625
44 0.9359375 0.5359375 0.04765625 0.034765625
44 0.934375 0.57578125 0.068359375 0.038671875
41 0.87734375 0.575 0.045703125 0.030859375
2 0.59921875 0.43359375 0.041796875 0.030078125
17 0.59375 0.46484375 0.040625 0.032421875
49 0.5359375 0.58828125 0.01015625 0.008203125
49 0.53359375 0.59765625 0.010546875 0.008203125
53 0.6703125 0.5875 0.00625 0.005859375
52 0.678125 0.58828125 0.00625 0.0046875
2 0.6859375 0.5875 0.006640625 0.005859375
17 0.6859375 0.59375 0.006640625 0.005859375
0 0.759375 0.60625 0.006640625 0.005859375
10 0.75 0.6046875 0.00625 0.00625
44 0.66953125 0.5921875 0.007421875 0.003125
44 0.678125 0.5921875 0.00625 0.002734375
44 0.66953125 0.59375 0.007421875 0.002734375
44 0.67734375 0.5953125 0.00625 0.003125