10 0.9375 0.4984375 0.0484375 0.03515625
44 0.9359375 0.5359375 0.0484375 0.03515625
44 0.934375 0.57578125 0.06796875 0.03828125
41 0.87734375 0.575 0.04609375 0.03046875
2 0.59921875 0.43359375 0.04140625 0.03046875
17 0.59375 0.46484375 0.040625 0.03203125
49 0.5359375 0.58828125 0.0109375 0.00859375
49 0.53359375 0.59765625 0.01015625 0.00859375
53 0.6703125 0.5875 0.00625 0.00546875
52 0.678125 0.58828125 0.00625 0.0046875
2 0.6859375 0.5875 0.00703125 0.00546875
17 0.6859375 0.59375 0.00703125 0.00546875
0 0.759375 0.60625 0.00703125 0.00546875
10 0.75 0.6046875 0.00625 0.00625
44 0.66953125 0.5921875 0.00703125 0.003125
44 0.678125 0.5921875 0.00625 0.00234375
44 0.66953125 0.59375 0.00703125 0.00234375
44 0.67734375 0.5953125 0.00625 0.003125