0 0.5609375 0.41328125 0.05 0.0375
1 0.4359375 0.490625 0.021875 0.0171875
46 0.3921875 0.50390625 0.03203125 0.015625
53 0.23984375 0.46953125 0.0125 0.009375
52 0.253125 0.4703125 0.01171875 0.009375
2 0.2640625 0.4703125 0.0109375 0.00859375
17 0.2640625 0.47890625 0.0125 0.009375
44 0.23828125 0.47734375 0.01015625 0.0046875
44 0.23984375 0.48046875 0.00859375 0.00390625
44 0.2515625 0.4765625 0.0109375 0.0046875
44 0.25078125 0.48046875 0.01171875 0.0046875
10 0.371875 0.490625 0.0140625 0.01015625