46 0.90859375 0.378125 0.18046875 0.12578125
10 0.60390625 0.39453125 0.059375 0.04296875
44 0.60078125 0.440625 0.05859375 0.0421875
44 0.59765625 0.48671875 0.084375 0.04765625
53 0.1546875 0.38359375 0.034375 0.025
52 0.19375 0.3859375 0.034375 0.0265625
2 0.2296875 0.3859375 0.0328125 0.02421875
17 0.22890625 0.4125 0.034375 0.025
44 0.153125 0.4015625 0.03046875 0.0125
44 0.15078125 0.41328125 0.0328125 0.0140625
44 0.190625 0.41328125 0.03203125 0.0125
44 0.19140625 0.40390625 0.03125 0.01015625