0 0.834375 0.49296875 0.0421875 0.0296875
49 0.83515625 0.52109375 0.0359375 0.0265625
2 0.7375 0.49453125 0.02578125 0.01875
51 0.68515625 0.43046875 0.04375 0.02890625
44 0.63515625 0.40859375 0.03828125 0.0671875
44 0.553125 0.41796875 0.1078125 0.05
30 0.46640625 0.4234375 0.0359375 0.034375
44 0.4203125 0.41953125 0.0296875 0.0125
44 0.37421875 0.43203125 0.0296875 0.01328125
30 0.33046875 0.41796875 0.03359375 0.03359375
52 0.421875 0.39765625 0.040625 0.028125
53 0.37578125 0.396875 0.040625 0.0296875
44 0.4203125 0.43125 0.0296875 0.01328125
44 0.3765625 0.41875 0.0296875 0.01328125