0 0.7875 0.49375 0.04453125 0.03125
1 0.67578125 0.4984375 0.025 0.01875
3 0.2359375 0.41796875 0.037109375 0.0375
53 0.284375 0.39453125 0.041015625 0.030078125
52 0.334375 0.3953125 0.040625 0.030859375
3 0.3828125 0.421875 0.034765625 0.0375
44 0.28515625 0.4171875 0.03125 0.015234375
44 0.284375 0.43125 0.031640625 0.015234375
44 0.33359375 0.43203125 0.030078125 0.0140625
44 0.334375 0.41875 0.03125 0.015234375
44 0.475 0.41640625 0.11171875 0.053125
44 0.56484375 0.40625 0.0375 0.074609375
51 0.61875 0.4296875 0.04375 0.030859375
2 0.53046875 0.5328125 0.008203125 0.00625
17 0.5296875 0.5390625 0.006640625 0.005859375