46 0.04765625 0.2515625 0.09453125 0.1
38 0.97890625 0.43203125 0.04140625 0.04375
10 0.7125 0.4359375 0.0296875 0.02265625
44 0.7109375 0.459375 0.0296875 0.02265625
44 0.709375 0.4828125 0.0421875 0.02421875
51 0.64453125 0.46796875 0.021875 0.01640625
2 0.64453125 0.484375 0.02109375 0.0171875
53 0.4109375 0.425 0.0171875 0.0140625
52 0.43046875 0.425 0.0171875 0.0140625
2 0.44921875 0.42421875 0.01796875 0.01328125
17 0.45 0.43984375 0.0171875 0.0125
44 0.41015625 0.43515625 0.015625 0.00703125
44 0.41015625 0.44140625 0.015625 0.00625
44 0.4296875 0.44140625 0.015625 0.00625
44 0.4296875 0.43515625 0.01484375 0.00546875