46 0.04765625 0.2515625 0.094921875 0.1
38 0.97890625 0.43203125 0.041796875 0.04375
10 0.7125 0.4359375 0.03046875 0.022265625
44 0.7109375 0.459375 0.02890625 0.022265625
44 0.709375 0.4828125 0.04296875 0.024609375
51 0.64453125 0.46796875 0.021875 0.016796875
2 0.64453125 0.484375 0.020703125 0.01796875
53 0.4109375 0.425 0.01640625 0.01328125
52 0.43046875 0.425 0.0171875 0.01328125
2 0.44921875 0.42421875 0.017578125 0.013671875
17 0.45 0.43984375 0.01796875 0.0125
44 0.41015625 0.43515625 0.015625 0.007421875
44 0.41015625 0.44140625 0.015625 0.00625
44 0.4296875 0.44140625 0.015625 0.00625
44 0.4296875 0.43515625 0.015234375 0.005078125