10 0.48125 0.434375 0.034375 0.02734375
44 0.47890625 0.46328125 0.0359375 0.028125
44 0.478125 0.49375 0.05078125 0.03046875
51 0.3875 0.478125 0.0265625 0.0203125
2 0.38671875 0.49765625 0.02578125 0.01875
53 0.0859375 0.4265625 0.02421875 0.01640625
52 0.11171875 0.42734375 0.02265625 0.0171875
2 0.1375 0.4265625 0.02265625 0.0171875
17 0.1375 0.44375 0.0234375 0.0171875
44 0.08515625 0.4390625 0.0203125 0.0078125
44 0.08515625 0.446875 0.0203125 0.00703125
44 0.11171875 0.446875 0.0203125 0.00703125
44 0.11171875 0.440625 0.0203125 0.0078125