10 0.48125 0.434375 0.034375 0.027734375
44 0.47890625 0.46328125 0.0359375 0.028125
44 0.478125 0.49375 0.050390625 0.030859375
51 0.3875 0.478125 0.02578125 0.01953125
2 0.38671875 0.49765625 0.026171875 0.01875
53 0.0859375 0.4265625 0.024609375 0.016015625
52 0.11171875 0.42734375 0.023046875 0.0171875
2 0.1375 0.4265625 0.022265625 0.01640625
17 0.1375 0.44375 0.02421875 0.01796875
44 0.08515625 0.4390625 0.0203125 0.00859375
44 0.08515625 0.446875 0.0203125 0.006640625
44 0.11171875 0.446875 0.0203125 0.006640625
44 0.11171875 0.440625 0.0203125 0.00703125