51 0.60234375 0.43359375 0.05390625 0.03828125
2 0.59921875 0.48671875 0.04140625 0.0296875
10 0.5078125 0.4734375 0.02890625 0.021875
44 0.5046875 0.49375 0.0265625 0.0203125
44 0.503125 0.5140625 0.03828125 0.02265625
53 0.27890625 0.44296875 0.0203125 0.01484375
52 0.30234375 0.44375 0.0203125 0.015625
2 0.32421875 0.4421875 0.0203125 0.01484375
17 0.3234375 0.4578125 0.0203125 0.01484375
44 0.27734375 0.4609375 0.0171875 0.00546875
44 0.3015625 0.46171875 0.0171875 0.00703125
46 0.0671875 0.378125 0.08203125 0.059375
44 0.278125 0.45390625 0.0171875 0.00546875
44 0.30078125 0.4546875 0.0171875 0.00703125