51 0.60234375 0.43359375 0.054296875 0.038671875
2 0.59921875 0.48671875 0.041796875 0.0296875
10 0.5078125 0.4734375 0.028515625 0.021875
44 0.5046875 0.49375 0.02734375 0.01953125
44 0.503125 0.5140625 0.037890625 0.022265625
53 0.27890625 0.44296875 0.0203125 0.014453125
52 0.30234375 0.44375 0.0203125 0.015625
2 0.32421875 0.4421875 0.0203125 0.015234375
17 0.3234375 0.4578125 0.02109375 0.015234375
44 0.27734375 0.4609375 0.0171875 0.005859375
44 0.3015625 0.46171875 0.01640625 0.007421875
46 0.0671875 0.378125 0.081640625 0.059375
44 0.278125 0.45390625 0.01796875 0.005078125
44 0.30078125 0.4546875 0.0171875 0.006640625