51 0.55859375 0.396875 0.06640625 0.05234375
2 0.55859375 0.465625 0.053125 0.03984375
10 0.42421875 0.46015625 0.03046875 0.02265625
44 0.4234375 0.48203125 0.03046875 0.021875
44 0.4234375 0.50625 0.04375 0.025
53 0.1609375 0.43046875 0.02265625 0.01640625
52 0.18828125 0.43125 0.02421875 0.0171875
2 0.2140625 0.4296875 0.02265625 0.01796875
17 0.2140625 0.446875 0.02421875 0.01796875
44 0.16015625 0.4421875 0.02109375 0.0078125
44 0.16015625 0.45 0.021875 0.00703125
44 0.18671875 0.45078125 0.0203125 0.00625
44 0.18671875 0.44296875 0.01796875 0.00703125