51 0.55859375 0.396875 0.066796875 0.052734375
2 0.55859375 0.465625 0.053125 0.040234375
10 0.42421875 0.46015625 0.030078125 0.023046875
44 0.4234375 0.48203125 0.030859375 0.021875
44 0.4234375 0.50625 0.04375 0.025
53 0.1609375 0.43046875 0.022265625 0.016796875
52 0.18828125 0.43125 0.023828125 0.01796875
2 0.2140625 0.4296875 0.022265625 0.018359375
17 0.2140625 0.446875 0.024609375 0.018359375
44 0.16015625 0.4421875 0.020703125 0.00859375
44 0.16015625 0.45 0.021875 0.006640625
44 0.18671875 0.45078125 0.0203125 0.00625
44 0.18671875 0.44296875 0.017578125 0.007421875