10 0.89453125 0.43828125 0.0546875 0.039453125
44 0.89375 0.4796875 0.055859375 0.03984375
44 0.8921875 0.5234375 0.08125 0.046484375
53 0.48671875 0.425 0.0296875 0.022265625
52 0.5203125 0.42578125 0.030859375 0.0234375
2 0.5546875 0.4234375 0.03125 0.024609375
17 0.55390625 0.446875 0.03125 0.024609375
44 0.4859375 0.4421875 0.027734375 0.009375
44 0.51953125 0.44375 0.026953125 0.009765625
44 0.4859375 0.4515625 0.028125 0.009375
44 0.5203125 0.45234375 0.02734375 0.010546875
46 0.0484375 0.26640625 0.09609375 0.108203125