10 0.89453125 0.43828125 0.0546875 0.03984375
44 0.89375 0.4796875 0.05546875 0.0390625
44 0.8921875 0.5234375 0.08125 0.04609375
53 0.48671875 0.425 0.0296875 0.02265625
52 0.5203125 0.42578125 0.03046875 0.0234375
2 0.5546875 0.4234375 0.03125 0.02421875
17 0.55390625 0.446875 0.03125 0.02421875
44 0.4859375 0.4421875 0.02734375 0.009375
44 0.51953125 0.44375 0.02734375 0.01015625
44 0.4859375 0.4515625 0.028125 0.009375
44 0.5203125 0.45234375 0.0265625 0.01015625
46 0.0484375 0.26640625 0.0953125 0.10859375