18 0.92421875 0.49296875 0.023828125 0.040625
42 0.92578125 0.53359375 0.0234375 0.0375
7 0.81171875 0.56640625 0.0125 0.028125
18 0.11484375 0.459375 0.0171875 0.03671875
42 0.11484375 0.490625 0.014453125 0.024609375
44 0.303125 0.415625 0.01953125 0.075
3 0.3625 0.41484375 0.019140625 0.0765625
3 0.42890625 0.41015625 0.0203125 0.075
44 0.521875 0.4078125 0.02421875 0.077734375
53 0.33203125 0.3984375 0.015625 0.030859375
52 0.40546875 0.39609375 0.016796875 0.028125
44 0.40546875 0.42265625 0.015625 0.01875
44 0.4046875 0.44140625 0.016015625 0.017578125
44 0.33203125 0.42578125 0.016796875 0.016796875
44 0.3328125 0.44296875 0.01640625 0.01875
17 0.38515625 0.4921875 0.0203125 0.037890625