44 0.58828125 0.384375 0.1 0.175390625
12 0.60625 0.10625 0.05703125 0.096875
52 0.46640625 0.47734375 0.014453125 0.028125
53 0.396875 0.4734375 0.015625 0.025
18 0.25078125 0.5171875 0.0203125 0.03515625
30 0.48828125 0.490625 0.020703125 0.06953125
30 0.42578125 0.4890625 0.020703125 0.069140625
44 0.36640625 0.48671875 0.023828125 0.0671875
42 0.25 0.54921875 0.01953125 0.0328125
44 0.6390625 0.49609375 0.021484375 0.065625
44 0.46640625 0.4984375 0.016796875 0.018359375
44 0.3953125 0.5125 0.015625 0.015234375
44 0.60546875 0.225 0.054296875 0.06328125
44 0.6046875 0.1734375 0.03515625 0.03984375
44 0.465625 0.51640625 0.015625 0.014453125
44 0.3953125 0.49609375 0.015625 0.014453125