44 0.58828125 0.384375 0.1 0.17578125
12 0.60625 0.10625 0.0578125 0.096875
52 0.46640625 0.47734375 0.01484375 0.028125
53 0.396875 0.4734375 0.015625 0.025
18 0.25078125 0.5171875 0.0203125 0.0359375
30 0.48828125 0.490625 0.02109375 0.0703125
30 0.42578125 0.4890625 0.02109375 0.06953125
44 0.36640625 0.48671875 0.02421875 0.0671875
42 0.25 0.54921875 0.0203125 0.0328125
44 0.6390625 0.49609375 0.02109375 0.065625
44 0.46640625 0.4984375 0.01640625 0.01796875
44 0.3953125 0.5125 0.015625 0.01484375
44 0.60546875 0.225 0.05390625 0.0640625
44 0.6046875 0.1734375 0.0359375 0.0390625
44 0.465625 0.51640625 0.015625 0.01484375
44 0.3953125 0.49609375 0.015625 0.01484375