12 0.46953125 0.1328125 0.0546875 0.096875
44 0.46953125 0.19921875 0.0390625 0.039453125
44 0.4703125 0.25 0.053515625 0.06171875
44 0.45390625 0.40859375 0.092578125 0.173828125
44 0.50625 0.51796875 0.021875 0.065625
30 0.35625 0.51640625 0.019140625 0.06875
18 0.87109375 0.6125 0.0171875 0.031640625
42 0.871875 0.6390625 0.015234375 0.028125
18 0.1125 0.546875 0.01796875 0.03203125
42 0.11328125 0.578125 0.021875 0.03203125
44 0.2328125 0.5109375 0.02265625 0.06640625
53 0.26171875 0.49921875 0.016796875 0.028125
44 0.26171875 0.52265625 0.0171875 0.017578125
44 0.26171875 0.53828125 0.0171875 0.014453125
30 0.2921875 0.51328125 0.021875 0.069921875
52 0.33359375 0.50234375 0.016796875 0.026171875
44 0.334375 0.525 0.01796875 0.016015625
44 0.33203125 0.53984375 0.017578125 0.0171875